1000 100
84 22 5 46 43 28 94 74 62 26 99 80 57 89 40 4 49 84 4 71 45 32 17 83 76 70 73 52 97 9 88 50 65 38 80 59 40 76 80 11 13 45 17 59 28 21 70 19 19 96 78 68 45 30 17 93 62 27 9 58 15 87 3 35 67 79 54 19 71 4 94 25 39 90 7 72 59 35 14 87 83 65 81 34 13 67 37 100 88 45 98 65 27 27 5 10 69 7 25 53 
2 5 1
13 15 92
8 11 4
9 13 2
12 15 21
19 0 25
6 9 95
1 3 21
1 5 85
22 2 21
17 20 74
22 1 49
5 9 85
6 10 31
9 11 91
12 16 15
11 15 87
16 18 28
8 12 39
16 19 19
20 0 69
3 5 4
10 14 3
22 0 28
3 6 2
0 4 95
20 23 17
23 2 98
4 7 32
13 17 33
7 12 5
5 8 58
5 8 37
19 20 92
23 2 54
6 7 57
10 13 44
18 19 39
11 14 34
21 23 50
14 16 18
12 15 64
2 4 66
0 4 39
0 2 48
8 12 75
17 20 12
22 23 71
19 23 77
15 18 92
21 1 30
5 8 56
9 11 30
17 20 66
4 6 94
9 11 23
7 11 13
4 6 21
16 19 65
1 5 28
6 10 13
22 2 79
4 7 2
2 6 45
4 6 15
11 15 84
20 22 17
15 17 16
14 15 72
0 4 4
9 13 31
7 9 51
6 8 1
12 17 53
20 23 17
13 16 85
15 17 14
4 7 5
7 10 6
16 19 4
20 22 61
13 16 30
16 18 76
6 11 48
6 8 85
11 15 64
19 22 84
16 17 24
6 8 77
10 13 13
3 6 85
11 13 58
14 18 84
14 17 91
4 7 8
8 12 14
16 19 44
15 19 98
3 7 50
7 9 9
14 16 13
6 11 70
1 5 47
9 13 98
23 2 46
3 5 27
5 8 70
21 0 95
7 11 15
4 6 37
9 13 87
22 1 21
9 12 37
12 16 97
11 15 56
13 16 59
13 17 77
23 4 95
17 21 48
9 13 97
20 23 16
6 10 69
2 4 90
14 17 8
20 0 90
18 22 35
0 4 100
9 11 87
3 6 54
5 8 6
1 3 52
13 17 88
18 20 43
20 23 58
17 20 41
22 23 8
7 12 51
1 1 10
1 3 79
21 23 88
17 20 52
15 16 22
20 23 16
4 9 34
1 2 89
13 16 5
23 3 83
12 14 2
8 11 52
2 3 99
16 19 35
12 14 65
5 9 37
4 5 68
12 14 9
22 1 76
18 20 96
6 8 10
23 2 72
4 7 69
20 23 77
18 21 54
11 14 85
10 13 59
16 18 26
21 23 32
17 21 27
11 14 21
14 17 90
17 21 35
0 3 71
23 2 91
8 10 45
7 12 92
10 13 44
22 0 23
17 18 11
17 18 53
5 7 85
5 10 67
23 3 49
23 1 62
7 8 41
0 2 39
10 13 58
15 18 5
16 19 35
7 11 23
20 22 47
19 19 11
2 4 23
14 17 1
21 0 28
5 9 44
13 17 11
6 8 47
1 3 8
23 1 53
18 19 38
0 2 82
8 11 50
3 4 33
10 13 47
13 15 92
1 3 92
3 7 18
9 14 13
14 19 72
10 11 54
4 7 78
14 19 17
4 7 48
10 14 67
8 12 89
6 7 70
4 6 33
15 18 51
16 18 93
1 5 21
5 9 47
8 11 29
15 17 8
9 14 26
4 8 13
2 6 11
5 7 37
7 9 30
16 20 67
10 15 54
6 8 81
5 6 66
3 8 55
2 5 79
11 15 33
19 23 87
18 22 95
1 3 3
15 17 84
20 23 56
0 4 96
11 16 93
17 20 14
12 15 85
20 0 23
23 2 81
18 19 46
7 11 15
1 4 63
6 10 86
15 16 5
9 12 19
22 1 66
12 14 87
18 20 35
18 22 65
19 19 65
13 16 46
6 9 55
22 2 55
23 3 66
17 21 90
15 19 32
10 13 56
14 18 23
7 8 68
21 0 26
16 19 74
14 18 78
22 1 77
21 22 96
3 7 6
11 16 35
14 16 37
0 3 93
13 17 13
10 12 98
8 13 2
17 21 39
5 8 98
9 11 56
16 19 42
3 6 51
23 3 92
4 7 28
8 10 31
22 2 22
22 3 91
17 21 84
18 21 31
20 22 16
3 6 73
9 12 19
6 10 11
4 7 11
0 4 40
15 15 68
0 3 71
9 13 41
4 8 26
13 17 87
2 5 34
15 17 60
0 1 97
12 15 61
7 9 94
20 1 65
5 9 94
13 17 90
19 21 63
19 22 73
8 11 67
16 19 46
13 14 27
3 6 5
18 21 44
18 21 26
19 22 64
10 12 32
11 15 18
1 5 25
23 2 12
11 14 46
14 17 85
23 1 40
12 15 14
1 3 68
11 14 85
15 21 50
0 2 84
3 5 13
10 12 44
19 23 49
5 8 62
3 6 64
11 14 50
8 12 22
13 16 61
21 0 5
14 19 60
18 21 82
12 14 23
11 14 2
20 0 15
18 21 84
0 3 50
20 0 6
9 11 89
17 21 63
3 5 66
2 6 17
2 5 52
18 21 27
15 18 35
2 5 4
1 5 59
17 20 11
14 17 62
6 10 85
17 21 73
16 19 1
3 7 56
15 18 13
18 20 10
13 16 66
4 7 65
15 18 27
18 20 54
15 17 84
12 15 76
10 13 90
1 3 77
23 3 44
16 20 44
1 4 79
4 9 43
1 4 30
21 23 3
15 18 68
7 11 43
20 22 34
15 20 51
21 0 81
23 3 9
20 0 62
13 15 63
18 23 59
0 2 33
18 20 35
9 11 56
11 14 85
13 15 47
15 17 37
8 10 48
17 20 51
11 13 77
9 12 65
4 7 11
2 4 70
4 5 89
20 22 7
8 11 64
17 20 72
20 1 32
23 2 100
6 9 61
8 12 3
23 2 11
12 16 95
10 12 47
13 16 18
21 0 14
17 20 34
11 14 1
18 22 69
4 8 100
8 13 62
19 23 83
14 17 96
20 0 75
23 3 28
2 6 99
12 14 22
23 0 72
6 7 29
18 20 52
14 16 11
11 14 86
11 13 82
20 23 87
16 20 62
10 14 33
12 15 93
16 20 29
14 16 96
4 7 45
11 11 57
14 17 7
15 19 9
16 19 88
23 3 60
4 6 22
12 14 95
15 17 77
17 20 55
9 11 29
10 13 79
5 9 12
16 20 31
11 13 30
15 18 40
2 3 91
9 12 84
8 11 37
21 0 63
9 11 37
13 16 3
2 5 16
22 1 97
19 23 43
23 23 95
20 22 68
12 14 16
17 19 93
13 16 81
20 23 54
3 8 45
1 5 24
14 16 33
20 23 37
10 12 82
10 12 66
15 18 54
2 4 34
9 11 47
15 17 85
6 10 52
1 5 93
1 4 27
20 22 77
0 3 80
19 21 71
6 9 28
14 17 66
20 0 91
21 0 90
18 20 59
14 17 78
21 1 49
14 18 27
6 9 62
23 1 57
3 5 49
6 10 72
21 1 29
0 4 51
6 9 95
3 6 89
10 12 95
6 9 13
0 2 35
7 8 4
12 16 77
12 15 100
12 14 19
10 14 56
14 18 6
1 3 53
15 19 87
14 17 22
19 21 3
22 1 79
10 12 78
6 8 75
22 1 15
22 0 2
14 17 15
14 18 76
22 23 9
3 7 71
12 15 96
2 6 58
0 1 92
21 0 54
8 11 68
23 1 99
18 20 60
12 15 78
17 20 88
2 6 8
17 20 46
16 20 53
1 2 99
14 17 82
9 13 41
16 19 92
17 21 13
20 23 71
1 4 84
6 10 23
17 19 10
14 17 5
8 11 35
4 6 43
8 11 53
1 5 39
4 8 53
16 18 98
22 0 94
6 10 79
11 15 62
3 7 70
22 1 6
3 6 3
8 11 2
9 14 69
0 4 14
18 21 1
17 21 62
4 10 2
10 13 79
21 0 89
15 19 71
13 17 24
17 19 87
18 19 28
13 17 21
15 17 4
19 21 81
22 1 64
14 15 5
6 11 88
22 0 91
8 12 66
1 4 65
22 1 32
12 14 21
11 14 5
2 8 10
2 6 7
19 21 45
10 11 54
6 8 42
2 5 65
14 19 98
18 21 70
9 12 72
11 14 28
16 18 93
6 10 42
4 8 82
20 0 96
8 11 45
4 8 68
15 18 41
11 17 86
21 0 64
3 5 22
18 22 58
4 7 67
14 19 4
21 23 13
21 1 13
13 16 8
23 1 57
17 21 97
11 14 20
19 23 12
1 5 5
0 3 91
20 23 75
8 11 12
15 18 59
16 19 6
2 5 74
16 18 16
6 8 88
19 21 97
2 5 18
19 23 1
20 0 10
20 22 82
14 16 35
1 5 39
19 21 17
19 23 13
3 6 26
8 11 44
13 15 61
18 20 75
20 0 52
21 2 61
23 3 63
16 19 33
20 23 34
9 10 58
1 5 64
0 1 79
12 15 98
21 0 83
12 15 98
21 0 100
22 0 87
7 9 57
6 9 41
15 19 92
15 18 65
4 7 69
4 7 64
1 5 93
15 18 66
16 20 9
7 11 50
13 17 74
18 21 67
4 7 20
14 17 88
7 9 99
12 15 61
1 4 44
23 2 43
7 9 30
15 17 90
10 12 52
2 4 81
6 8 43
4 6 68
7 9 87
18 21 60
20 23 11
8 12 69
11 15 14
2 6 9
8 13 20
16 19 27
4 8 21
9 9 17
15 18 48
10 12 73
20 23 63
12 15 9
23 2 65
6 10 36
23 3 32
3 7 39
4 7 59
16 19 13
18 21 40
19 23 84
22 1 30
8 11 30
0 2 59
0 3 10
22 2 47
22 2 42
2 6 70
3 6 17
21 23 48
22 1 35
1 4 95
14 17 43
4 6 80
16 19 2
5 8 12
18 21 91
13 16 9
6 11 40
22 1 16
4 7 24
11 15 30
9 12 99
6 10 54
3 3 75
19 23 63
12 15 63
6 8 13
21 3 52
13 15 80
21 0 51
7 8 6
11 15 57
18 20 98
9 13 9
19 22 56
3 6 1
3 7 12
17 21 83
22 0 87
20 22 61
20 0 68
1 4 92
16 17 22
22 0 60
19 23 26
15 17 36
14 15 67
2 4 11
4 7 23
22 0 82
19 23 26
15 16 73
8 12 83
12 17 87
5 8 14
13 16 2
0 3 80
21 2 18
23 2 25
23 3 11
15 19 41
4 8 17
13 16 98
19 23 46
10 13 36
7 8 72
4 8 66
10 15 27
14 17 66
3 5 65
22 23 43
14 17 64
16 19 14
9 12 98
20 0 99
15 17 47
4 5 26
16 20 43
11 13 5
5 6 75
6 9 60
3 6 83
8 12 43
3 6 67
23 3 14
11 14 76
20 1 17
17 19 30
6 9 71
3 7 34
5 9 45
17 20 13
16 17 73
8 11 33
18 20 54
8 11 2
16 17 41
8 12 32
21 0 5
8 12 28
21 0 33
4 8 77
13 16 73
19 22 62
19 23 75
3 6 25
12 14 45
6 9 63
20 0 15
16 19 15
1 4 30
5 7 30
20 0 99
10 14 74
18 20 1
12 14 65
13 16 49
10 14 19
9 11 56
14 17 10
20 22 24
23 2 93
17 21 76
6 9 23
19 21 55
13 16 37
20 23 80
10 15 62
23 1 42
19 21 1
23 3 74
18 22 60
17 19 28
0 3 37
15 19 21
11 13 30
23 1 31
23 1 85
9 14 65
18 22 4
1 6 53
1 6 8
23 2 36
12 16 53
7 12 46
13 16 23
9 12 3
7 9 38
22 1 58
17 21 31
17 20 33
15 19 30
21 0 58
18 21 43
23 1 62
19 21 41
13 16 85
1 4 44
6 9 78
15 20 85
3 6 22
14 17 71
21 1 72
6 8 87
1 2 71
0 3 61
19 22 80
4 7 9
9 11 82
23 2 43
22 1 76
21 23 44
6 8 19
19 23 51
0 5 96
12 15 87
13 17 57
22 0 57
2 5 37
3 4 8
3 6 31
13 15 26
13 15 69
22 0 21
17 19 91
19 21 21
7 11 100
18 20 87
16 20 14
5 9 71
23 1 54
13 15 16
0 5 63
2 5 71
6 8 88
22 0 59
0 4 23
14 19 18
22 2 2
22 2 48
20 23 82
18 22 35
7 10 88
2 4 94
9 12 27
9 14 59
19 21 46
20 23 63
5 9 79
1 5 54
15 17 2
17 22 38
12 13 31
1 5 6
13 17 16
10 13 5
7 12 34
3 7 54
18 21 98
11 14 72
8 11 35
7 10 29
10 13 57
6 8 23
8 11 24
5 7 59
4 7 48
1 4 3
8 9 99
21 1 50
2 6 48
8 13 29
5 7 24
12 14 12
20 22 40
0 1 66
8 13 98
21 1 57
17 19 83
3 6 92
3 7 90
0 4 91
14 17 98
2 6 60
12 15 77
5 8 67
18 21 67
0 1 51
0 3 7
18 21 30
3 6 34
4 8 21
8 10 96
13 16 55
10 12 28
7 10 80
18 21 6
0 2 49
5 9 68
22 0 23
5 9 24
9 12 69
22 0 46
3 7 20
20 0 100
17 21 52
16 18 16
7 8 90
10 14 76
3 6 84
20 0 88
6 8 81
14 16 100
2 7 32
19 22 59
19 20 50
17 19 66
12 14 56
1 3 48
0 4 43
22 0 84
17 20 44
23 4 3
10 14 68
4 6 11
23 2 49
5 8 94
15 18 3
12 14 65
17 18 100
8 9 21
21 23 37
19 22 52
23 2 93
18 20 16
7 9 3
20 23 32
20 22 59
22 1 51
6 9 20
1 3 64
16 18 33
9 12 61
22 3 83
9 13 47
15 17 17
21 0 42
15 18 27
10 13 20
15 16 64
7 11 11
19 22 4
