100 100
48 100 69 3 62 59 19 100 74 61 1 12 37 82 12 83 17 65 91 31 6 39 14 40 29 26 93 23 22 22 78 90 7 94 39 41 79 21 11 37 49 99 44 61 8 30 77 62 87 42 97 47 68 54 25 15 39 91 12 48 70 35 51 91 17 92 59 93 60 41 59 55 43 19 23 63 1 3 52 77 5 25 86 12 60 98 53 65 6 16 35 22 42 22 31 66 87 12 49 19 
19 22 43
7 10 89
18 21 58
17 20 29
4 7 80
14 18 60
9 12 33
15 19 12
0 2 27
21 23 7
17 19 82
0 3 52
14 16 45
9 11 61
16 18 15
3 5 27
10 13 14
21 1 26
1 4 87
15 18 51
11 12 10
10 13 51
17 20 48
0 3 17
10 15 89
9 13 96
19 21 94
17 20 65
18 21 49
9 12 28
20 23 36
14 17 97
4 6 20
22 1 54
15 18 16
17 20 76
0 2 30
22 0 9
10 11 36
3 7 6
12 15 78
12 15 59
15 20 12
0 2 83
12 15 12
20 23 65
11 16 64
23 2 75
14 17 46
11 13 14
15 17 96
10 15 15
22 2 18
14 18 49
1 4 21
6 10 57
7 9 38
4 8 83
5 7 45
16 20 43
10 12 25
14 16 51
7 11 22
0 5 19
3 5 95
23 3 32
14 18 94
6 9 40
2 6 98
0 4 76
22 1 35
9 13 35
5 8 58
13 15 13
21 1 86
13 17 24
5 6 51
12 15 70
14 17 64
17 20 85
16 19 7
11 15 71
18 21 61
22 23 100
23 1 31
16 21 36
22 1 85
20 0 23
15 17 40
0 2 89
9 13 93
0 4 48
3 6 7
10 13 96
19 23 71
19 0 46
4 8 72
0 4 33
16 20 11
16 17 55
