1000 20
2 6 16 19 9 15 12 19 11 6 19 13 4 5 3 17 8 1 7 14 
17 19 12
12 15 9
20 23 18
12 14 8
3 8 4
19 0 8
11 15 2
15 18 19
17 21 1
19 22 7
3 7 6
5 7 4
22 2 18
12 15 13
19 22 19
0 4 12
18 21 1
23 2 14
23 2 14
6 9 2
20 0 7
9 12 4
0 2 6
20 22 6
17 20 18
20 23 5
15 18 20
10 13 12
21 23 14
0 3 18
21 0 5
20 23 20
19 22 9
22 0 17
12 16 6
18 20 5
10 14 13
22 2 16
22 1 14
7 10 9
18 20 4
8 10 15
3 7 4
9 14 7
20 0 14
21 1 9
17 21 3
13 15 14
19 21 18
6 7 3
5 9 5
6 10 17
8 12 18
14 16 13
1 5 3
1 3 4
4 7 17
16 18 12
8 13 12
10 14 20
3 6 16
16 20 15
11 14 19
0 2 2
12 15 15
9 11 1
0 2 1
12 16 7
12 15 10
18 23 11
9 13 2
11 13 16
9 12 8
16 19 15
19 22 10
8 11 2
13 15 11
21 22 14
15 18 3
14 17 20
0 3 11
8 13 15
16 19 3
21 0 9
3 7 20
11 15 15
3 5 1
22 1 16
16 20 2
15 17 14
12 14 4
11 14 1
14 18 1
17 21 16
12 14 7
14 19 2
18 22 12
0 4 17
9 12 14
22 1 10
13 15 2
18 20 16
22 0 11
9 13 8
9 13 2
17 21 4
16 17 16
7 12 8
13 17 12
18 21 3
4 6 12
15 17 15
0 4 16
10 13 8
7 10 20
10 11 16
2 5 16
17 21 5
1 4 1
2 4 13
15 18 3
14 18 19
13 17 8
12 13 6
5 10 6
10 13 7
16 18 20
4 8 19
6 8 2
10 14 19
21 0 16
19 21 19
0 2 5
17 19 9
20 0 8
22 0 13
15 18 12
10 13 6
5 7 15
12 15 6
20 0 1
7 10 18
23 2 11
20 21 13
23 1 15
1 4 13
6 10 19
7 11 4
15 16 12
14 16 18
9 10 12
19 21 18
21 1 11
7 8 8
7 13 10
22 23 17
17 19 16
11 15 19
9 12 10
12 17 15
7 10 16
17 20 1
1 3 20
20 23 2
20 23 9
7 10 3
16 18 4
21 0 16
15 19 13
1 4 15
0 3 2
4 9 19
23 0 4
23 2 18
15 18 19
5 9 18
21 1 3
1 5 1
12 15 8
15 18 5
22 2 1
23 2 5
18 21 20
16 19 4
10 14 11
10 13 10
6 9 15
15 19 8
5 8 17
0 1 15
0 3 1
5 6 8
2 6 12
11 13 15
16 19 9
7 12 10
23 1 8
16 21 15
6 9 8
21 1 5
7 11 2
12 15 5
15 18 1
22 0 3
13 15 20
20 0 14
5 8 2
21 23 7
18 21 15
21 23 11
14 18 16
0 4 13
22 0 10
1 4 16
1 3 1
6 10 15
15 19 16
20 0 8
18 19 3
11 13 10
12 16 8
5 8 3
5 9 20
8 11 14
21 0 7
1 5 7
10 14 13
15 18 3
13 14 16
21 0 6
13 15 6
21 0 3
5 8 12
16 20 20
10 13 9
3 6 17
17 20 13
1 4 15
5 8 3
1 4 14
14 16 8
19 22 17
16 18 2
8 12 13
16 20 12
4 6 16
4 6 13
23 1 4
19 22 15
21 0 8
3 5 14
11 15 9
5 9 9
4 8 18
16 19 15
16 20 4
5 7 12
19 22 13
11 13 9
1 5 11
18 21 6
9 12 9
22 22 3
6 10 2
21 1 3
7 9 18
15 16 18
23 0 3
22 23 1
17 20 18
0 4 2
16 18 8
3 4 9
8 10 5
10 14 11
21 0 18
5 8 16
2 7 8
21 2 7
12 16 16
11 14 3
5 7 14
2 7 16
6 9 8
5 8 14
15 18 7
19 23 9
22 1 3
7 10 16
1 4 1
2 7 3
23 2 15
13 15 14
21 2 13
5 7 17
18 22 16
15 16 13
6 12 2
7 11 6
15 19 15
8 10 12
6 10 7
9 11 18
4 6 17
4 7 6
17 21 8
0 3 13
17 21 20
15 17 1
14 16 3
2 5 9
23 2 11
22 1 5
11 14 20
0 3 19
18 19 15
7 10 4
6 7 2
21 0 11
8 13 13
22 23 19
5 9 13
4 8 5
6 11 17
18 21 16
1 5 10
1 5 9
21 0 10
0 4 9
11 13 10
0 4 2
0 3 9
23 1 16
21 22 1
14 17 1
16 20 13
15 19 10
9 10 14
12 15 1
11 15 18
16 21 11
5 9 17
18 21 14
22 1 20
5 7 20
15 19 4
18 22 10
17 19 15
7 9 18
22 2 12
22 1 14
1 4 20
15 17 8
6 11 3
20 22 4
19 22 4
16 19 20
18 21 14
13 16 2
22 1 19
18 21 1
18 20 4
11 13 16
5 7 18
4 7 3
0 4 6
22 2 1
23 3 10
23 1 16
11 13 10
6 8 8
22 1 15
2 5 18
14 17 2
16 19 13
20 22 6
16 21 18
0 2 11
8 12 14
9 13 10
3 6 6
12 13 5
15 19 18
22 3 7
1 3 20
19 22 20
0 2 8
9 11 9
17 20 11
13 17 18
6 7 19
16 19 10
20 23 11
23 3 15
10 13 4
20 23 8
8 11 3
3 4 6
6 9 11
21 0 8
13 15 6
17 20 19
6 9 5
15 17 13
7 11 13
7 11 20
13 17 10
13 17 10
4 6 4
23 3 3
7 10 11
20 23 12
13 17 20
10 12 14
3 6 19
5 8 7
1 3 9
15 19 14
18 19 5
1 2 3
19 22 2
16 20 15
5 7 2
1 4 2
4 9 14
14 17 1
13 18 20
7 10 18
21 0 9
6 11 18
12 13 4
23 3 18
14 19 4
1 6 7
3 6 6
0 3 14
17 20 1
21 2 20
14 18 20
8 9 10
8 10 5
19 21 4
19 0 6
16 19 6
16 18 2
22 1 19
18 21 12
15 19 16
19 20 7
5 8 20
9 12 20
12 15 10
4 7 19
9 12 13
4 6 4
2 5 1
11 12 8
23 1 14
5 6 13
6 9 9
23 2 16
12 14 7
21 0 14
1 4 8
18 22 6
22 2 19
8 13 10
3 7 6
17 19 1
21 0 13
13 15 16
1 4 13
2 7 19
1 3 17
11 14 8
2 6 16
8 11 10
17 21 2
5 8 10
3 6 14
19 0 20
21 22 13
19 0 6
23 1 5
11 14 11
23 3 18
23 1 16
16 19 8
16 19 2
14 17 12
14 15 6
13 16 13
11 14 10
0 1 1
21 0 7
18 20 11
19 21 14
10 12 20
13 15 9
0 3 3
2 5 4
1 3 6
8 13 11
13 17 11
10 14 7
7 11 14
2 5 12
18 21 17
8 11 14
16 20 13
0 3 13
1 5 13
16 20 13
4 7 20
18 22 6
8 11 18
4 7 10
11 15 10
17 20 2
8 10 6
16 20 5
20 22 1
23 3 14
2 7 20
10 13 18
18 22 1
5 11 1
9 11 18
2 4 4
16 18 10
9 12 14
22 1 17
15 17 10
20 23 15
17 21 15
23 3 1
6 7 4
11 13 4
20 22 14
19 22 10
0 3 15
16 19 16
19 21 7
0 4 4
12 17 9
4 6 12
9 13 2
19 22 8
6 9 12
0 2 11
16 19 18
23 2 8
13 16 11
15 17 10
10 12 14
9 12 9
20 22 16
3 5 4
23 2 13
22 2 14
11 13 1
12 14 6
1 6 12
17 20 4
2 6 13
21 1 12
2 5 8
2 5 9
12 15 12
13 14 4
14 16 5
6 9 15
8 11 3
11 15 9
22 1 15
2 4 4
18 22 2
18 23 17
17 19 13
1 3 6
7 9 18
22 2 2
22 23 11
0 2 5
23 0 14
21 0 12
19 23 15
18 21 9
5 11 18
17 21 1
7 11 4
1 3 4
20 0 6
7 7 17
23 1 8
1 5 5
7 9 19
2 4 7
21 0 9
10 13 20
3 5 18
12 15 11
17 20 9
23 1 13
13 17 12
14 17 5
23 4 3
10 12 16
17 18 20
23 2 5
21 0 7
23 2 6
11 13 5
22 0 19
21 22 10
9 13 19
14 18 10
20 21 6
2 4 13
1 2 14
16 19 12
7 9 6
22 1 13
21 23 12
15 19 6
20 22 11
1 4 7
1 4 11
3 6 8
14 18 18
15 17 9
18 21 16
21 0 4
9 14 3
7 10 15
16 19 12
11 14 4
22 1 12
15 17 18
9 12 17
21 1 19
22 3 17
8 10 18
17 19 6
3 7 8
14 16 18
5 5 8
22 2 19
10 12 9
6 10 18
19 22 6
10 12 2
2 5 10
10 14 14
17 20 6
11 13 11
7 10 6
9 13 7
1 4 14
6 8 10
9 13 12
8 11 16
3 6 14
18 21 16
5 8 2
4 6 14
15 18 16
0 3 16
11 14 8
18 19 10
15 19 19
21 0 19
5 7 5
5 6 20
17 20 20
23 1 11
14 16 16
9 12 12
23 3 18
18 21 20
9 11 14
2 4 10
4 6 4
1 5 5
20 23 10
7 9 19
11 13 3
1 6 2
16 21 20
6 9 10
18 22 10
3 7 12
13 16 16
3 6 7
17 19 5
9 13 3
23 3 11
20 0 3
18 22 7
3 7 12
19 23 7
21 1 5
6 9 18
2 4 10
1 4 6
17 21 17
22 1 7
14 16 16
20 0 3
11 16 18
11 14 13
7 9 4
9 13 13
22 1 12
16 19 3
9 12 1
2 6 3
5 8 16
5 7 10
5 7 5
18 22 2
15 17 3
2 4 2
3 7 5
10 15 9
3 5 16
1 2 2
16 17 12
17 20 14
1 3 10
3 7 8
6 9 14
7 11 17
23 2 16
17 19 17
0 3 18
4 8 3
22 1 1
21 0 2
19 22 6
4 7 10
17 18 5
13 16 20
17 21 15
17 21 1
7 9 3
18 19 17
0 4 5
6 9 8
12 14 10
9 12 13
20 22 3
0 4 5
17 20 15
1 6 2
17 19 13
15 19 2
2 5 1
5 8 16
1 4 17
5 9 19
23 1 2
23 4 18
22 1 11
13 14 18
20 22 10
11 15 14
23 1 3
12 16 14
4 6 19
20 23 10
0 3 8
2 4 20
19 22 15
13 15 17
2 4 13
11 14 15
14 17 8
16 18 12
12 15 20
11 12 5
15 18 4
12 15 5
1 6 18
2 6 4
1 4 13
17 20 5
10 13 15
16 19 5
6 10 13
2 4 8
19 22 17
10 15 9
15 18 9
21 23 9
22 2 5
8 11 19
13 17 19
15 16 11
6 9 14
15 19 17
5 9 8
16 17 17
12 14 16
12 14 4
2 6 6
4 8 11
0 3 5
15 17 7
13 15 14
12 13 5
9 10 16
15 16 18
19 0 20
18 20 15
8 12 20
5 8 16
13 15 13
22 0 5
13 16 15
0 4 10
16 19 1
0 3 6
10 13 15
0 2 6
21 0 16
20 23 1
8 12 14
13 15 5
9 13 1
21 23 19
4 7 8
11 16 4
7 11 20
4 7 5
10 13 4
12 16 11
11 14 4
8 10 6
17 20 11
19 22 4
10 14 9
13 17 16
12 15 8
18 23 1
11 13 8
5 9 18
15 18 17
11 13 15
5 9 4
7 11 3
14 16 2
2 6 6
0 4 14
11 16 3
15 20 15
23 2 14
14 17 7
2 6 13
17 20 4
9 12 9
8 11 2
15 16 9
11 15 13
5 8 7
11 14 6
3 5 1
11 13 17
0 3 17
1 5 17
3 5 7
21 0 20
11 13 12
0 4 18
15 18 1
8 12 6
21 0 3
6 9 19
7 10 12
17 21 11
8 12 2
16 18 16
22 1 15
13 16 16
11 15 2
18 22 4
9 12 15
1 6 6
10 12 16
18 21 12
8 11 7
22 1 8
6 10 3
3 5 3
5 8 7
16 19 6
3 5 10
12 15 13
3 9 4
20 23 17
0 3 2
17 19 14
2 4 17
20 23 17
2 5 13
2 5 2
15 19 17
23 1 8
23 1 13
17 20 16
7 9 2
14 19 13
11 15 5
17 20 20
13 17 4
17 19 18
3 5 8
6 10 13
4 7 19
10 14 17
22 1 15
5 9 8
2 5 16
23 2 2
8 11 13
17 19 20
21 0 18
8 11 7
20 21 8
3 7 4
13 16 12
22 1 7
6 9 3
17 20 14
17 19 8
19 22 7
7 10 2
7 11 20
13 14 20
19 21 13
15 18 15
18 22 8
10 14 14
21 23 11
15 19 7
20 23 5
0 2 15
13 16 6
9 12 13
20 23 19
5 8 11
19 20 9
2 5 16
11 15 6
11 14 4
7 9 4
23 2 4
17 19 9
16 19 11
3 4 15
21 1 5
4 7 2
14 16 16
20 1 13
0 3 5
11 16 6
1 4 9
2 4 18
10 13 3
21 0 15
8 11 2
16 20 16
12 17 13
13 17 18
16 19 12
8 10 6
10 13 5
5 8 4
21 0 1
21 0 20
11 12 2
10 13 14
3 7 7
8 11 20
15 17 5
15 19 2
19 21 8
19 21 20
12 14 14
0 2 11
13 16 18
10 13 16
22 2 3
22 23 19
9 11 13
11 14 18
8 11 3
19 0 20
13 16 17
17 21 13
