100 5
3 2 3 5 2 
14 17 5
12 14 3
1 4 1
14 17 4
11 16 3
13 16 5
21 0 2
7 10 4
14 17 1
4 4 2
10 13 1
4 9 2
2 5 3
4 7 4
20 23 5
17 20 3
23 0 4
23 3 5
20 23 1
12 16 5
23 2 1
15 17 1
12 13 4
15 15 5
21 23 2
20 21 4
3 7 5
0 4 1
3 4 2
12 15 4
20 0 5
5 7 5
17 20 3
15 18 1
23 1 3
17 19 2
16 20 4
8 10 3
18 21 1
12 13 4
19 23 1
23 2 4
5 9 5
11 14 1
9 11 1
22 1 2
7 9 5
7 9 1
16 18 2
6 9 3
23 1 4
17 20 2
7 7 2
7 10 5
6 8 2
15 17 1
8 11 5
17 18 5
2 6 2
0 3 2
17 19 4
6 8 4
5 10 5
2 5 1
6 8 1
5 8 4
14 15 3
13 16 4
4 7 4
15 17 1
18 21 5
2 6 2
19 23 2
16 21 3
23 1 2
0 2 2
17 20 2
17 19 3
6 7 2
3 5 2
12 16 5
0 1 3
10 12 4
19 21 2
6 10 4
7 9 5
13 17 5
11 15 2
10 12 2
4 6 5
22 1 2
9 12 2
11 15 1
10 13 2
18 21 3
5 6 3
22 1 3
23 2 1
9 13 3
15 19 4
