1000 5
1 1 1 4 4 
0 2 2
8 11 1
9 13 3
10 13 2
9 12 4
23 1 5
12 16 2
2 4 2
15 18 3
20 2 4
7 10 2
5 9 4
21 1 4
19 22 5
8 11 1
1 4 4
14 17 1
12 15 4
10 13 2
12 15 5
14 18 5
8 12 3
20 21 4
6 9 5
12 17 1
1 4 2
4 7 2
8 10 5
6 8 1
16 19 1
22 1 4
17 20 1
5 9 4
20 0 5
18 22 3
23 2 4
15 19 3
17 21 2
16 20 1
15 19 4
18 21 3
8 11 2
23 3 2
21 23 1
1 3 1
4 7 1
20 0 1
9 12 4
7 11 3
19 23 2
1 3 4
3 4 5
13 14 1
6 9 5
7 10 1
4 7 5
18 20 4
16 20 5
7 11 1
7 8 2
8 11 5
12 17 5
23 2 2
22 1 5
7 9 3
2 6 5
8 13 4
15 18 2
23 3 5
5 7 3
5 8 4
14 18 3
23 1 2
3 6 3
17 21 3
12 14 3
2 4 3
19 23 3
11 15 3
18 21 1
4 6 5
11 13 2
2 5 2
14 17 2
17 19 2
1 5 1
13 15 3
9 12 4
13 15 4
20 0 1
14 17 5
19 21 3
10 14 4
19 22 5
7 8 5
15 18 3
7 9 2
10 14 1
2 4 4
22 23 3
0 4 3
22 1 3
10 12 5
1 5 5
4 6 3
23 3 1
10 14 2
1 4 4
16 20 3
19 23 5
14 18 4
7 8 1
20 23 3
0 5 3
8 11 4
13 15 5
3 6 4
5 8 3
17 20 2
16 18 2
13 16 4
14 15 1
19 0 1
3 7 1
4 7 2
9 12 4
6 9 3
6 7 3
16 19 3
17 21 2
20 22 2
18 23 3
20 0 3
8 12 3
3 6 5
17 20 3
6 8 5
5 8 2
1 4 2
22 1 5
9 13 3
11 14 1
5 6 4
15 18 1
9 12 5
3 7 2
15 18 5
7 10 2
16 18 5
20 0 4
19 21 4
3 7 4
10 12 5
17 20 3
6 8 1
7 10 5
12 16 2
3 7 5
13 18 2
1 4 4
1 5 4
18 22 2
6 9 3
3 7 5
18 22 5
15 16 2
10 13 5
15 19 2
21 0 5
20 0 1
19 22 5
16 17 5
2 6 2
11 15 5
18 22 4
17 20 1
20 22 3
10 12 1
18 20 2
20 22 4
15 18 2
18 22 2
17 21 5
8 10 2
16 19 1
16 18 3
6 10 4
18 21 4
11 13 1
7 11 4
13 18 5
22 1 5
20 1 2
7 10 4
11 14 3
16 21 4
12 16 1
3 6 3
17 20 3
18 22 2
16 17 1
23 4 2
20 23 5
3 6 4
17 20 4
17 19 3
5 8 4
10 12 5
8 11 3
16 17 3
16 20 2
16 19 2
21 23 3
8 11 4
12 16 4
9 11 3
8 12 4
18 21 1
16 19 4
3 7 3
6 9 2
3 5 4
5 9 1
8 11 1
21 22 4
16 19 1
16 18 1
9 11 1
22 1 3
21 23 1
22 2 4
17 20 1
4 6 5
6 10 1
19 21 5
10 15 5
7 9 1
10 14 1
19 21 3
14 17 5
21 1 1
8 10 5
2 6 2
14 18 3
2 5 3
2 5 1
19 21 2
10 12 5
12 15 5
1 4 2
5 7 3
20 23 4
4 7 5
0 3 3
0 3 2
12 15 1
20 1 3
1 3 2
22 0 2
17 21 2
0 2 5
1 2 5
1 2 2
20 22 2
13 17 3
2 7 3
19 21 1
9 13 2
17 20 2
10 12 4
17 20 3
17 20 2
5 7 5
22 1 2
21 1 5
8 10 4
19 22 3
5 8 2
0 4 3
8 11 4
4 7 1
0 2 5
11 15 3
11 13 2
21 0 5
18 21 2
15 18 3
0 4 5
3 7 3
1 4 3
10 12 2
10 14 5
15 17 4
2 6 5
15 18 5
8 10 1
19 21 3
16 20 5
17 21 1
2 6 3
7 11 4
23 0 1
17 19 1
3 6 5
0 3 2
9 12 2
9 13 2
6 11 2
12 15 3
16 19 2
11 14 2
20 22 3
21 0 1
2 6 4
16 19 4
6 9 1
20 1 5
13 16 2
4 8 1
22 0 4
12 14 1
8 12 2
22 1 2
12 14 5
9 12 4
12 15 5
16 19 1
14 18 4
9 12 4
2 4 1
19 23 1
16 20 2
13 15 5
19 22 1
4 5 4
0 4 2
22 1 1
2 5 3
13 15 2
2 7 3
8 12 3
4 6 5
7 10 3
4 6 3
22 2 3
11 14 3
2 5 4
15 20 4
0 4 3
17 20 1
20 23 5
7 10 4
9 11 4
1 3 5
18 21 5
19 23 5
3 5 3
21 0 2
14 18 2
17 21 4
19 21 1
20 22 2
6 7 2
2 7 5
11 15 1
2 5 5
20 22 1
8 11 4
22 23 2
16 20 1
13 16 4
12 15 1
12 14 2
21 23 5
20 0 3
7 9 3
15 20 5
16 18 5
9 13 2
6 9 3
22 0 1
7 9 1
3 6 5
22 1 2
21 2 3
11 13 3
9 12 5
16 20 1
9 12 4
19 21 2
10 14 5
22 0 2
10 13 4
7 11 4
2 5 5
12 13 5
4 9 4
11 14 1
11 14 2
15 18 2
5 8 5
20 23 5
14 18 1
1 4 2
18 22 4
2 6 3
1 3 5
11 14 3
13 15 5
2 5 1
18 21 1
12 15 4
12 13 5
15 17 4
23 2 4
18 20 3
17 20 3
1 4 5
6 8 3
13 17 3
13 17 1
22 2 4
15 18 2
20 23 1
23 1 4
22 1 3
1 1 5
22 1 2
13 16 1
7 7 2
2 5 2
16 19 5
7 10 2
18 20 1
21 0 2
18 21 3
22 1 4
11 14 4
19 23 5
23 2 5
21 1 5
18 20 5
1 6 1
8 11 5
11 12 1
9 11 1
23 2 3
19 21 1
0 2 5
0 4 1
4 8 4
16 18 5
19 21 1
9 12 5
23 1 2
0 3 2
13 16 4
18 23 2
22 1 3
8 13 2
21 0 2
9 12 3
4 8 3
12 14 5
6 8 5
17 19 1
23 1 5
10 13 4
11 15 5
10 15 3
23 3 3
1 4 1
19 0 1
4 8 4
6 9 1
5 8 1
4 7 1
10 13 5
6 10 5
14 17 1
12 15 1
18 22 2
0 5 5
1 4 4
15 16 3
6 8 1
19 22 4
20 0 5
13 17 2
12 16 1
0 4 2
7 11 3
14 18 4
20 22 1
14 15 4
15 17 5
21 23 1
7 8 2
11 13 3
5 8 2
15 17 2
12 12 5
19 21 2
10 14 3
7 11 2
1 5 2
19 23 5
17 17 1
4 8 3
20 22 2
23 1 3
21 23 1
20 23 3
23 2 3
11 15 5
21 23 3
6 10 2
0 4 2
12 15 4
13 15 1
18 22 4
15 18 1
3 7 5
11 14 5
12 15 3
2 5 4
23 1 5
4 7 3
9 13 1
16 20 5
0 5 5
0 3 2
3 9 5
18 21 1
5 8 3
16 19 5
13 16 3
11 15 2
1 4 2
4 7 4
9 11 3
21 0 4
10 12 1
14 18 1
4 7 3
21 23 1
0 1 3
9 11 4
8 12 4
8 9 3
2 7 3
4 6 5
15 17 4
22 0 4
10 14 2
5 7 5
18 20 3
12 16 2
9 11 2
8 11 3
9 13 2
10 12 1
14 16 4
6 7 1
12 16 1
19 22 4
11 16 1
7 10 4
18 20 1
6 11 5
13 16 2
10 13 1
17 20 1
16 20 1
5 9 5
15 18 5
2 4 2
9 13 1
11 13 5
20 22 2
14 18 2
19 22 2
20 0 1
3 7 5
19 20 4
19 21 2
1 2 5
3 5 4
7 11 5
13 15 2
1 4 1
6 9 3
5 8 4
9 11 2
20 0 3
18 20 1
20 21 4
2 7 4
10 12 4
22 1 5
20 22 3
3 7 3
18 22 4
17 20 3
20 23 5
12 15 1
14 15 3
12 15 4
19 21 3
9 13 1
5 9 3
22 1 5
0 3 1
16 19 4
19 22 2
11 15 1
23 4 3
21 22 4
14 18 3
9 13 2
14 18 3
0 3 5
15 18 3
15 17 1
6 9 4
0 2 4
2 5 3
13 15 1
10 14 3
16 21 4
4 7 1
11 14 4
0 3 5
14 18 2
8 10 4
18 21 2
19 21 4
6 9 4
2 4 3
4 7 4
1 4 4
22 0 1
22 2 5
4 6 5
21 2 4
17 19 3
15 19 3
9 11 2
5 8 5
1 4 2
5 10 4
16 19 3
15 17 4
5 8 2
0 3 1
14 17 5
18 20 5
16 19 3
7 12 4
4 8 5
2 5 1
16 21 2
2 6 4
8 12 4
6 8 2
13 15 2
6 11 5
0 3 2
11 14 1
5 7 5
17 19 1
22 23 3
2 4 3
7 11 4
13 17 3
22 1 2
19 21 1
13 16 2
4 8 1
17 21 3
7 10 2
12 17 5
20 22 2
17 19 1
7 11 3
22 2 3
20 23 3
4 7 1
22 2 2
12 14 4
14 16 3
1 4 5
3 5 5
15 18 2
1 5 3
8 13 4
15 21 4
19 22 3
14 18 5
18 20 4
10 12 1
15 18 1
6 9 3
9 12 5
9 13 1
0 3 3
14 17 2
18 23 4
8 12 5
16 21 2
15 16 4
12 16 5
4 7 3
2 4 2
15 16 3
21 1 4
11 14 3
0 3 1
12 13 2
7 9 2
8 13 3
2 4 2
5 9 2
1 5 2
15 17 3
3 7 5
5 8 4
3 6 1
8 10 1
14 19 2
20 23 4
22 0 2
4 7 5
9 12 4
15 19 4
21 0 1
10 15 5
19 21 5
0 2 4
11 13 5
7 9 2
16 21 3
5 7 1
22 2 5
4 7 4
23 0 5
9 11 3
18 22 3
23 1 3
3 6 3
7 9 2
12 15 5
8 14 1
5 7 2
10 13 1
15 19 5
2 3 4
0 3 4
1 5 2
6 8 1
18 20 5
13 17 2
0 2 1
9 13 5
7 9 1
18 22 2
15 18 4
22 1 5
0 3 1
11 15 4
22 2 4
7 8 3
16 19 1
22 0 4
14 15 3
6 10 3
16 20 4
2 5 4
13 16 2
13 16 1
21 1 2
2 3 3
23 2 4
23 1 3
12 13 2
16 19 1
14 17 5
5 7 2
7 10 4
12 17 5
0 5 3
3 5 3
1 5 3
10 14 5
7 12 5
1 4 4
9 12 2
3 8 1
7 11 2
12 14 4
6 9 4
4 5 5
9 12 5
3 7 3
9 12 2
4 6 4
14 16 5
15 18 2
6 8 3
10 13 4
4 7 1
8 13 2
17 20 4
12 15 4
1 4 4
20 0 5
17 19 1
11 17 2
18 22 4
5 8 4
5 8 5
16 19 5
18 23 4
6 8 3
7 10 1
14 17 3
6 9 1
15 21 3
8 11 4
9 13 3
0 3 5
15 18 5
4 9 2
14 19 4
11 12 5
11 15 2
23 2 1
7 8 2
19 23 3
0 4 1
3 4 5
0 3 1
16 19 4
0 2 5
13 17 2
4 8 4
1 5 1
22 0 2
9 11 3
2 7 5
7 10 3
3 7 3
7 11 1
6 10 4
22 1 5
21 0 5
10 12 2
4 6 5
4 8 2
22 1 3
15 19 1
18 20 5
1 4 2
16 19 2
13 17 2
13 15 5
12 14 2
6 10 1
23 3 2
1 3 5
3 7 2
17 20 2
7 10 1
19 22 4
1 4 2
20 23 1
2 5 1
21 0 3
5 9 1
7 10 5
20 22 5
22 0 1
15 19 1
8 10 5
14 16 3
10 12 4
21 0 3
4 7 1
2 5 4
3 5 4
22 0 1
3 5 1
6 8 4
13 17 1
19 22 4
19 0 5
19 22 3
23 2 4
17 20 5
14 17 2
16 21 2
8 12 5
22 1 5
9 13 3
7 10 1
0 3 2
16 17 1
5 9 4
20 0 5
5 7 5
21 23 1
0 2 1
10 14 1
1 5 5
0 3 2
4 6 3
8 12 3
22 0 3
6 9 5
22 0 4
7 8 2
19 23 1
13 15 3
14 17 4
1 3 2
19 22 3
7 9 5
21 0 4
22 2 3
7 10 4
1 4 3
15 16 5
5 10 4
22 0 5
15 20 1
12 15 5
12 15 5
21 23 4
13 16 5
4 9 4
16 20 3
14 18 1
21 23 3
7 9 4
16 20 4
10 12 5
1 4 3
21 22 5
9 13 3
20 23 3
0 3 3
16 21 3
17 20 4
20 0 1
13 16 3
17 19 3
14 18 3
2 5 3
1 6 2
6 10 5
2 6 3
18 21 1
22 0 3
0 3 1
12 17 3
14 16 2
9 11 2
2 5 1
8 10 3
6 7 4
10 13 2
4 5 4
9 14 4
15 19 2
12 14 4
8 11 4
20 0 2
15 18 3
21 1 2
7 9 5
4 7 1
0 4 2
12 13 4
7 11 4
12 15 1
22 1 2
14 19 5
7 10 4
19 21 1
2 7 5
15 20 3
19 22 4
7 11 3
15 20 3
22 2 2
20 0 1
0 4 5
5 8 1
16 19 4
5 7 3
