1000 10
1 3 8 9 1 2 2 9 9 8 
6 11 4
23 1 9
3 6 6
8 11 6
22 1 1
1 3 10
0 2 10
6 9 9
17 20 6
19 21 1
21 23 9
8 12 8
8 12 10
11 14 7
5 8 8
20 23 7
14 17 3
20 22 1
4 6 4
1 5 4
4 8 10
21 3 3
2 6 2
14 17 7
3 5 5
9 12 8
12 15 9
23 1 5
18 21 10
20 0 4
5 7 1
21 0 1
10 14 4
19 21 4
14 18 1
13 17 3
21 0 1
22 0 6
22 0 9
1 4 9
8 11 8
15 19 10
12 17 9
20 22 8
16 20 5
7 10 9
15 18 8
17 20 5
18 21 6
3 6 1
7 11 8
19 22 4
2 5 8
17 22 5
22 1 1
13 15 7
12 14 1
6 9 8
5 8 9
5 10 10
19 23 2
15 20 10
2 6 6
4 8 4
6 8 2
15 19 9
20 22 7
19 22 9
16 19 1
23 2 3
6 9 8
19 23 1
2 6 10
23 1 1
1 4 6
12 14 7
20 23 4
5 9 3
15 19 4
1 5 5
2 4 9
7 8 2
2 4 1
4 8 3
14 18 7
22 0 3
16 18 2
5 8 5
5 9 9
18 20 5
11 13 9
12 13 2
12 15 8
9 13 8
14 18 2
22 2 6
2 3 4
6 9 4
11 15 3
12 15 6
3 6 10
20 23 9
12 14 2
8 10 2
11 14 3
20 23 10
11 12 3
14 18 3
0 3 4
11 14 8
19 21 4
2 6 10
13 15 8
16 20 7
19 22 9
7 11 3
3 8 1
14 16 9
14 17 5
1 5 3
21 0 6
21 0 9
0 3 2
11 14 10
11 13 6
20 0 5
7 7 6
17 21 2
14 18 7
10 12 9
19 22 2
0 2 7
19 0 6
8 11 9
5 8 3
22 1 1
21 0 7
8 11 8
22 3 4
18 23 10
11 15 4
9 12 6
1 5 7
9 12 9
11 14 7
13 15 9
13 18 9
16 20 7
5 7 10
12 15 5
16 20 6
20 22 7
10 13 2
20 21 9
23 2 10
9 11 10
1 6 4
8 10 4
22 2 9
14 16 9
23 2 5
16 18 2
11 15 8
13 17 2
21 1 5
16 19 1
17 22 8
14 15 1
9 12 3
8 11 2
10 12 6
20 22 10
7 10 2
23 23 9
12 14 3
8 10 7
7 13 7
5 8 4
20 22 10
12 16 3
8 11 9
17 20 6
15 18 8
7 10 1
7 11 4
4 5 1
13 16 7
9 12 4
22 2 1
14 16 2
7 10 7
5 6 3
15 18 1
8 11 5
6 11 4
19 21 2
12 16 10
6 8 1
10 13 4
5 6 2
14 17 10
11 12 5
6 9 1
11 15 10
12 13 4
6 9 1
23 3 1
0 1 10
13 16 2
13 14 5
10 16 6
20 0 10
6 7 6
8 11 2
7 10 3
13 16 5
2 6 8
17 20 5
8 10 7
0 2 8
17 21 6
5 8 6
11 13 6
18 21 3
1 2 7
12 14 4
23 0 9
7 8 10
6 9 2
12 15 7
2 4 1
8 13 2
8 11 9
5 7 3
8 10 2
16 18 4
15 18 3
15 19 5
18 21 3
7 11 5
17 19 1
15 18 5
14 17 4
22 2 3
19 22 9
4 7 6
8 12 3
6 10 9
10 11 10
15 17 1
23 1 6
5 8 1
21 23 10
10 14 5
21 1 6
8 9 7
8 11 9
1 4 9
16 18 7
3 5 3
13 15 7
8 12 8
11 14 3
14 18 6
7 10 3
8 10 4
13 16 7
17 18 6
15 18 5
1 4 4
8 10 8
15 18 8
16 17 9
13 17 7
15 18 5
6 10 10
19 22 7
20 23 4
7 11 1
11 12 8
6 10 4
9 12 10
23 3 2
10 15 3
17 19 1
6 9 8
16 20 9
19 21 3
20 0 1
21 0 10
12 15 9
11 13 3
4 7 10
0 2 5
2 5 4
20 23 6
0 5 2
16 18 9
16 19 5
17 20 1
0 4 1
0 3 9
8 11 6
1 4 6
7 10 6
4 6 7
12 15 3
2 3 5
4 8 1
20 0 2
8 11 1
4 7 9
10 14 6
20 23 5
0 3 10
2 4 2
12 15 4
6 9 5
0 3 9
22 1 2
4 6 9
1 5 8
23 1 7
4 7 5
12 14 8
14 16 2
15 18 8
11 16 9
5 6 8
1 3 4
11 14 7
6 9 3
5 9 8
4 8 7
3 4 10
15 19 5
15 16 6
19 22 9
23 2 2
9 10 6
16 20 3
0 3 7
7 10 8
23 1 3
11 15 8
13 17 2
6 10 8
2 4 10
23 2 2
16 19 5
6 9 7
21 0 4
16 19 8
10 15 3
1 4 1
20 1 3
23 2 3
14 15 4
16 17 1
3 5 9
13 15 5
9 12 9
1 4 7
17 21 9
12 15 6
16 20 9
6 8 7
17 19 3
16 18 6
10 13 10
5 7 8
0 5 5
8 11 7
4 8 1
1 3 7
11 16 4
15 18 1
5 8 3
8 12 1
14 18 4
0 4 5
5 10 7
0 2 10
17 19 6
1 5 1
18 23 10
1 5 10
23 3 8
17 20 8
10 13 8
12 15 5
23 3 5
19 21 1
21 2 3
13 16 5
14 17 3
11 13 9
10 13 1
9 11 3
14 17 5
13 16 3
18 19 4
2 5 8
14 19 4
11 14 3
23 1 5
4 8 2
13 15 7
22 1 2
15 19 3
23 1 6
0 3 8
14 18 10
13 16 7
19 21 5
20 0 8
10 13 2
4 8 6
9 12 10
4 6 5
23 1 3
5 6 1
5 7 8
17 20 10
17 20 5
21 1 5
22 1 8
23 1 6
22 3 9
22 3 9
20 0 10
3 6 4
13 16 10
15 17 7
18 21 1
20 22 5
23 3 3
1 6 2
15 19 9
12 15 3
11 15 6
14 18 4
17 21 10
16 18 10
23 3 1
6 8 2
8 11 7
8 11 8
13 15 6
13 17 9
13 17 3
6 8 2
22 3 10
0 3 5
18 20 9
20 23 4
22 2 9
9 14 8
11 12 1
16 18 8
5 7 5
17 20 2
1 5 10
9 12 8
11 14 4
20 22 9
20 23 10
22 1 3
7 11 6
20 23 4
12 14 5
10 14 4
12 16 1
11 15 6
23 3 4
8 12 8
9 11 8
1 7 5
18 22 4
4 7 8
14 19 5
9 12 10
20 23 3
12 15 8
4 5 6
17 20 4
22 1 6
9 14 5
6 8 9
5 8 4
2 6 8
23 2 6
6 10 6
18 22 4
2 4 8
17 19 5
4 7 10
11 13 4
21 23 2
1 4 6
2 5 7
5 6 6
19 22 6
12 14 5
14 16 7
11 14 10
0 5 5
19 21 2
19 20 7
17 18 8
4 8 6
19 22 3
11 14 4
22 0 4
8 10 8
15 18 4
16 19 7
16 19 5
14 17 3
23 1 8
20 0 2
5 8 6
7 11 8
16 18 4
18 20 4
12 16 10
9 13 1
3 6 5
5 7 7
23 0 7
2 3 7
18 23 2
16 20 10
0 5 8
15 18 1
2 5 9
17 21 1
10 13 8
3 6 3
19 21 3
18 22 8
4 8 5
14 17 2
5 5 2
8 10 2
23 2 9
18 22 8
16 19 8
4 8 6
6 10 2
21 0 3
16 21 6
11 14 10
17 20 6
1 6 3
12 16 7
23 3 8
18 21 8
20 1 9
0 2 5
1 5 10
19 23 7
2 4 3
7 11 10
1 5 5
11 14 5
0 4 3
17 19 3
10 13 10
16 19 7
21 0 10
20 22 9
1 3 10
7 11 1
8 11 1
14 17 9
21 2 3
23 4 2
19 23 8
14 15 7
17 20 3
11 15 9
13 17 7
3 6 1
14 16 3
13 16 4
11 14 6
6 9 1
1 4 5
18 1 2
1 3 10
1 3 9
8 9 7
6 10 5
21 23 9
17 20 10
6 9 3
15 19 4
6 9 5
15 18 2
14 17 9
3 7 8
2 5 8
13 16 6
10 12 10
1 4 4
10 13 9
23 1 9
18 22 8
1 6 5
0 3 3
16 21 7
1 5 10
12 17 1
12 14 10
17 22 7
15 18 9
2 3 5
5 7 6
8 9 6
7 10 8
20 23 7
7 9 8
15 19 9
6 8 8
18 21 7
13 15 6
23 1 3
14 17 8
19 21 9
19 21 2
12 14 4
0 1 3
8 10 1
2 5 9
16 22 2
15 18 4
1 3 5
23 4 10
7 9 9
15 19 5
21 0 2
16 19 4
13 16 5
3 6 10
10 12 10
4 7 4
13 16 10
7 8 4
17 18 8
19 21 10
23 1 4
18 20 6
17 20 8
11 15 8
0 4 6
8 10 1
11 14 4
18 22 5
14 17 5
20 22 8
20 1 9
1 3 7
3 6 10
4 6 9
5 8 7
5 8 2
1 3 6
4 7 2
20 23 10
10 12 10
11 14 8
12 14 2
15 18 7
23 2 9
9 12 8
10 12 8
22 2 7
22 1 7
16 18 6
13 15 8
8 11 1
12 15 5
7 8 7
2 5 10
5 9 1
21 0 9
9 12 4
10 13 10
19 21 1
19 22 1
21 0 7
12 15 2
16 20 3
13 16 5
11 15 6
21 0 8
21 22 10
15 20 6
22 23 5
23 3 4
9 13 1
21 0 10
18 20 7
0 3 5
7 11 1
1 4 10
23 1 6
10 15 3
14 18 2
19 21 4
20 0 10
2 5 2
10 13 10
21 0 9
13 16 1
4 8 4
1 4 10
10 15 7
0 4 4
4 8 1
22 2 3
23 1 4
19 22 10
15 19 1
3 6 7
2 4 7
1 5 2
4 8 9
12 14 1
10 14 8
8 11 9
6 11 2
18 21 5
9 12 9
9 12 7
21 21 3
17 19 10
1 4 6
15 18 4
16 18 2
18 20 3
1 4 5
11 15 4
21 0 10
23 2 8
10 13 10
9 11 7
16 19 3
17 20 10
0 1 10
23 0 9
15 17 5
19 21 3
6 10 6
11 15 2
14 18 3
8 11 8
10 13 1
15 18 4
4 7 4
14 17 2
9 12 5
8 11 3
6 8 2
8 10 10
23 1 8
18 21 6
11 14 6
9 12 3
2 5 2
19 21 10
2 4 6
13 15 4
23 2 7
13 17 6
1 4 8
23 1 1
19 21 8
8 11 5
6 11 10
14 19 6
1 5 2
9 12 2
14 17 10
14 18 10
10 14 6
10 14 8
22 0 1
10 12 6
16 18 3
10 14 1
7 10 9
7 10 8
3 8 4
21 0 1
23 2 7
21 23 4
4 4 4
19 22 1
2 3 4
4 6 7
6 9 7
11 16 6
6 9 10
1 2 10
2 5 7
21 22 8
8 12 6
5 7 8
14 16 10
19 23 5
19 23 8
19 22 5
10 13 5
2 5 7
3 6 6
18 21 10
6 9 10
8 11 2
7 8 5
21 23 10
16 18 8
10 14 3
20 0 2
20 0 7
4 6 8
19 22 9
5 8 1
13 19 3
11 14 6
6 8 4
3 7 3
6 8 7
1 5 2
6 8 4
9 11 8
13 15 10
9 11 9
11 13 8
12 14 8
15 17 9
2 4 7
0 3 7
16 19 6
10 14 4
13 16 2
21 0 1
22 3 6
17 19 4
8 13 10
13 16 10
7 9 6
3 6 3
14 17 8
2 5 2
14 15 4
4 7 3
19 23 8
10 14 8
18 19 10
19 22 5
17 20 2
9 13 7
13 19 6
10 13 9
1 3 8
13 18 7
4 7 9
12 16 3
21 1 5
22 1 8
14 20 1
0 4 8
0 2 7
11 15 2
20 22 3
15 18 8
8 9 1
8 11 9
8 11 10
2 5 3
6 9 9
10 14 5
14 19 2
17 19 1
13 16 5
17 21 6
2 5 10
2 4 5
11 14 3
2 4 5
7 11 3
21 0 6
6 9 3
19 20 6
2 6 8
1 4 10
14 16 7
7 9 3
7 9 2
19 21 3
12 16 1
7 9 3
1 4 3
4 7 4
9 11 6
11 13 8
3 5 8
11 15 5
7 10 5
15 17 10
5 8 10
1 4 6
4 5 1
21 23 10
10 13 4
12 14 8
2 5 10
6 7 9
0 3 3
11 14 10
4 6 8
11 14 3
5 8 5
19 22 4
22 4 10
21 1 1
6 8 6
16 21 6
21 0 7
16 19 3
8 10 10
3 6 8
23 2 8
18 22 4
20 23 10
20 22 2
3 5 10
12 14 5
1 4 5
20 0 6
18 21 7
5 8 10
3 6 7
17 19 3
19 22 9
13 17 7
8 12 4
13 17 5
20 23 5
22 1 9
10 13 2
22 2 10
19 22 7
11 13 8
19 23 4
3 7 10
16 19 6
7 8 1
6 9 7
7 9 7
13 16 4
11 13 9
23 4 9
15 18 4
9 10 7
10 12 9
15 18 4
20 23 3
16 19 8
3 6 6
11 14 7
20 2 10
21 1 7
20 0 4
9 13 3
21 23 10
0 3 4
19 20 1
8 11 3
13 16 6
22 1 1
9 12 9
8 10 5
22 1 3
7 10 7
1 4 7
9 9 7
15 18 10
19 21 8
18 19 2
15 19 9
19 22 1
1 4 4
21 0 10
6 9 10
8 10 8
19 23 2
4 7 1
