100 10
2 3 2 10 8 10 7 7 2 2 
6 10 2
17 19 10
5 7 5
20 0 5
4 7 9
8 12 9
0 3 2
23 0 6
19 22 5
13 15 2
19 22 1
23 2 1
22 0 7
8 12 4
11 15 3
5 6 1
20 23 5
7 10 1
20 23 1
15 18 10
1 5 4
11 14 3
6 10 10
6 10 2
14 17 4
1 6 3
17 19 10
15 17 6
17 20 5
13 14 2
6 9 10
3 7 2
8 11 3
3 6 6
11 14 4
17 20 5
11 15 1
10 12 3
4 5 9
15 18 4
5 9 1
6 10 1
17 20 1
0 1 7
5 8 1
5 9 10
13 16 1
21 0 7
10 14 4
12 14 1
8 11 8
11 16 7
8 11 5
12 15 5
22 1 5
6 8 1
16 19 4
13 18 7
0 4 3
16 20 8
3 7 4
10 14 1
0 3 8
21 22 5
17 21 6
17 20 9
14 17 4
20 22 5
2 4 8
7 12 8
17 21 8
16 19 2
15 18 8
14 19 9
14 17 7
2 5 4
19 22 3
2 5 5
12 16 10
17 21 4
17 20 10
19 21 8
13 16 8
0 3 1
7 10 1
14 16 5
7 11 4
19 0 7
22 1 10
22 2 2
9 12 1
2 5 4
1 5 8
22 2 3
19 23 6
5 8 9
12 15 9
8 11 8
7 10 7
16 19 3
