100 20
10 7 20 11 3 1 1 7 2 11 16 8 3 15 16 7 17 19 14 3 
17 21 1
10 13 2
7 10 14
19 0 16
18 21 19
2 5 10
13 16 13
1 5 13
19 22 2
21 0 5
1 5 12
13 15 12
8 11 3
10 15 16
17 19 1
10 13 20
11 14 15
19 22 2
12 15 7
22 1 10
12 15 6
19 20 18
17 21 18
13 15 11
14 17 14
20 22 10
11 14 18
6 8 18
0 4 5
2 5 9
16 20 18
5 10 14
2 5 20
21 23 1
23 3 14
0 3 12
12 14 8
17 21 2
0 2 20
5 7 14
21 0 12
14 16 20
22 1 7
21 1 2
5 7 7
2 5 7
1 2 18
7 11 16
9 12 4
11 14 5
15 19 19
0 1 6
18 1 6
19 0 6
22 2 20
16 19 15
0 2 19
7 8 13
9 13 2
0 3 10
20 21 7
18 20 5
12 15 19
10 14 8
4 7 2
15 18 3
13 18 1
15 17 15
12 15 4
16 20 6
8 10 16
22 3 17
2 4 1
8 12 6
4 7 7
23 1 10
19 23 5
3 6 16
22 1 4
23 1 12
4 8 17
22 2 4
16 20 4
13 16 7
12 15 15
19 23 1
6 8 13
15 16 3
3 5 14
8 12 13
4 7 7
15 18 19
2 4 14
8 10 6
19 21 20
8 10 11
20 22 20
22 23 13
22 0 20
13 17 8
